0,0,0,0,0,1032,0,0,0,0,0,0,0,0,950,0,0,0,0,0,0,0,0,0,0,0,1468,0,0,0,0,3172,0,0,0,0,0,0,0,0,0,0,2579,3367,0,0,0,0,0,0,0,0,0,0,0,0,0,0,0,0,2476,0,0,0,0,0,0,0,0,0,0,0,0,0,0,0,0,0,0,0,0,663,0,0,0,0,0,1153,0,0,0,0,0,0,0,2013,1554,0,0
0,0,0,0,0,0,0,0,0,0,0,2541,622,6184,0,0,0,0,5875,636,666,3731,0,1625,0,0,0,0,0,754,0,0,0,0,7162,3432,0,0,0,0,0,0,0,0,1506,0,0,0,0,726,0,0,0,2866,0,0,0,4550,0,0,0,1370,0,0,6547,2532,883,0,4237,0,0,0,3278,0,0,0,0,0,0,0,0,0,0,0,1111,0,0,0,0,0,0,0,0,0,1043,0,0,0,0
0,0,0,0,0,0,0,0,0,0,2448,0,0,0,0,0,0,1460,0,0,0,0,0,0,2847,0,3269,0,2446,0,1882,0,0,4300,0,0,0,0,0,0,0,1555,2451,0,0,0,0,0,0,0,0,0,1277,0,0,0,0,0,0,0,0,0,0,3162,0,0,0,2492,832,0,0,0,0,0,0,0,1629,5360,0,0,0,0,0,0,0,0,0,0,0,1905,0,0,0,0,0,4821,0,0,0
0,0,0,0,0,0,0,1000,0,1928,0,0,0,1675,0,0,0,0,1259,0,1806,0,0,1288,0,0,0,0,2140,1246,0,0,1246,0,0,774,0,0,0,0,0,1494,2842,0,1219,0,0,0,0,3918,0,0,0,837,1429,0,0,0,0,0,0,0,0,0,0,0,1090,2293,0,1928,5895,0,0,0,0,0,0,0,0,0,0,0,0,1598,0,0,0,0,0,0,0,0,1135,1080,837,0,700,0,679
0,0,0,0,0,1963,0,4349,0,601,0,0,4860,0,1841,874,5379,2298,0,0,0,8775,2863,2386,1231,2200,2857,1067,0,0,0,0,3497,0,0,689,3285,0,1690,11209,0,0,0,2926,0,5060,0,0,4199,0,0,0,706,0,1311,0,0,0,0,0,0,904,0,0,0,2863,5131,0,0,4232,0,0,0,2555,0,8530,1464,0,6829,0,0,4801,0,9080,0,0,0,957,0,0,0,1177,4657,0,0,0,5081,5546,0
7973,0,0,0,1907,0,0,1541,0,0,0,0,2316,1590,3653,3028,4025,0,0,6266,0,0,0,826,0,2797,1722,0,0,0,0,2533,795,0,751,2748,1644,0,0,3466,1840,0,2578,2271,2815,0,0,2526,0,2156,2902,674,0,0,2912,0,0,0,4467,0,5804,1410,0,0,5238,0,2194,0,0,0,0,0,0,0,1259,0,0,0,0,0,940,0,0,4085,9308,0,655,2547,3123,0,0,0,1128,0,0,0,1530,3482,2951
0,1018,0,0,0,0,0,3268,0,2806,0,0,1425,0,3512,0,0,4250,0,0,0,7665,0,0,0,0,2500,0,0,0,0,2455,2201,2615,0,0,3829,0,5483,5242,6151,0,0,6995,0,0,0,0,0,2017,3919,0,0,0,0,0,0,3339,0,0,0,3778,0,3946,0,0,0,4535,0,0,633,0,4107,0,1189,1099,0,3216,0,1110,0,0,0,0,0,0,0,0,0,0,1368,2791,0,4037,1478,0,1350,0,0
0,0,0,872,4349,1641,3273,0,0,0,0,0,3084,0,0,3708,0,0,3632,0,0,0,645,6423,2376,0,4930,1224,2425,0,0,0,3020,0,0,0,0,0,1209,1601,797,4698,0,0,0,0,0,1642,7988,3223,0,2676,0,0,0,0,0,3713,0,0,0,822,0,1348,1180,0,3854,0,0,5409,0,0,0,0,5106,2858,0,0,0,0,1716,0,1924,3929,0,0,0,0,0,0,4734,0,10451,0,0,0,3227,0,0
0,0,0,0,0,0,0,0,0,2874,1799,0,0,0,0,0,0,0,0,0,0,0,0,0,0,0,0,0,2783,0,767,9878,0,2622,0,0,5512,0,0,0,6039,2138,0,0,0,0,0,0,0,0,0,1705,0,0,2288,0,0,0,0,0,0,0,0,3482,0,0,1425,0,5409,664,2153,0,0,0,835,0,0,1082,14482,3885,0,0,0,0,0,0,0,0,0,6570,2584,0,8493,0,0,0,0,0,1429
0,0,0,1933,601,0,2811,0,3011,0,3000,0,0,0,8761,5161,0,0,0,0,0,0,5838,0,0,0,0,0,0,0,0,3326,13860,4201,0,0,0,0,0,17983,0,0,0,2244,0,5050,617,0,664,0,0,0,0,5230,603,0,0,0,0,0,0,0,0,0,0,0,12061,5979,0,3482,4057,0,0,4142,0,0,1455,4470,0,0,0,0,2476,8638,0,0,0,0,0,3696,850,0,1891,0,0,0,4068,1770,0
0,0,2394,0,0,0,0,0,1664,2920,0,875,0,0,4169,0,0,4932,0,0,0,0,3241,0,0,2705,0,1269,0,0,0,1230,0,5093,0,0,0,0,0,0,646,3146,0,944,0,1142,861,2566,0,0,0,1633,0,0,0,0,0,0,0,0,1530,0,0,856,0,0,799,3852,2359,0,0,0,2376,0,3051,0,3908,0,0,0,0,0,0,0,0,0,0,0,0,3418,3119,0,2307,0,632,3414,0,1660,1721
0,2615,0,0,0,0,0,0,0,0,903,0,1097,0,0,0,0,0,692,0,0,0,0,0,0,0,802,0,0,0,1159,0,0,0,0,0,0,6163,0,0,1854,0,0,0,0,0,3909,0,2166,816,0,0,0,1112,0,0,862,0,0,0,0,0,0,0,0,0,1169,0,0,0,1011,3475,0,0,1034,0,1076,0,0,0,0,0,0,0,0,0,0,0,3702,0,0,0,0,0,0,0,0,0,0
0,631,0,0,4782,2367,1410,3135,0,0,0,1112,0,0,0,1347,0,0,0,0,0,1271,4982,0,0,986,0,1514,0,0,0,0,6109,0,0,1670,2457,962,3751,0,0,0,0,0,0,0,0,2802,4985,7119,0,0,0,0,0,7328,0,0,2782,5833,0,2570,0,0,0,5883,1929,3554,0,2733,4232,0,1902,5135,0,632,1107,0,0,0,3202,2261,0,5038,0,0,0,0,3567,0,0,4443,0,0,0,0,0,3849,620
0,6792,0,0,0,1467,0,0,0,0,0,0,0,0,0,0,0,0,0,1708,0,2889,0,1043,671,2086,0,0,0,0,0,0,0,5020,1428,2154,0,0,0,0,0,0,0,0,0,0,9870,0,1009,0,674,0,0,2282,5729,0,0,2573,1612,0,0,0,0,3751,2546,12900,0,0,0,0,1547,0,7976,0,9533,0,0,0,0,2832,0,2845,0,0,0,0,4152,0,2103,0,0,1543,0,1922,4120,0,0,0,0
3142,0,0,0,1845,3423,3507,0,0,8755,4174,0,0,0,0,0,0,0,0,0,0,0,4934,0,0,2745,2552,0,0,0,0,3509,3111,0,0,0,0,0,0,0,1028,4973,1639,3011,0,0,0,3931,0,0,0,0,0,0,0,0,0,0,0,2809,2278,0,0,0,0,0,0,3540,0,0,0,0,0,0,0,0,4070,0,0,1461,0,1568,0,1479,3490,0,0,1865,0,0,0,0,0,0,0,0,636,0,842
0,0,0,0,907,3067,0,3696,0,5173,0,0,1346,0,0,0,3455,0,0,0,0,0,3697,9962,4991,6293,0,0,0,0,0,0,1650,0,0,0,0,0,0,3634,0,0,0,0,0,633,0,0,2027,0,0,0,0,627,0,0,0,8466,5626,0,607,8560,0,0,7661,1346,1440,0,0,3797,1407,0,0,1965,0,0,0,750,0,0,7450,5388,5083,2016,0,0,747,0,0,2707,767,2328,0,0,0,0,0,0,3087
0,0,0,0,5305,4056,0,0,0,0,0,0,0,0,0,3451,0,0,0,2554,0,0,0,1883,0,4619,4764,0,0,0,0,1225,0,0,863,1600,0,0,0,0,0,0,0,1915,0,0,0,0,0,0,1256,0,0,0,2988,0,0,1093,0,0,2893,1282,1983,0,1326,1777,0,0,1356,909,0,0,0,1007,0,3943,0,0,990,0,3059,0,0,0,0,0,2607,0,0,0,0,1041,4650,0,0,0,7004,1085,828
0,0,720,0,2296,0,4245,0,0,0,4438,0,0,0,0,0,0,0,2254,0,0,0,0,0,0,0,0,1740,1901,0,0,0,0,1361,0,0,0,0,0,0,0,0,0,3208,0,0,1241,0,0,0,0,0,0,0,0,0,0,0,0,0,0,0,0,0,0,0,0,828,0,0,0,1462,0,0,2691,0,0,0,0,0,0,0,0,0,0,0,0,0,0,0,1548,1499,850,0,0,0,951,0,0
0,3765,0,1268,0,0,0,3346,0,0,0,0,0,0,0,0,0,2170,0,0,0,2043,0,1297,0,0,0,0,0,0,0,0,0,0,0,0,0,0,0,0,0,0,0,0,0,0,0,0,3420,0,0,0,2614,0,0,0,0,4782,0,0,0,0,768,0,0,0,0,0,0,0,0,0,0,0,0,0,0,0,0,0,0,0,0,0,0,0,0,0,0,0,1590,0,0,0,0,0,0,0,0
0,0,0,0,0,6263,0,0,0,0,0,0,0,1822,0,0,2270,0,0,0,0,0,0,0,0,0,0,0,0,0,0,0,1334,0,1566,758,0,0,0,0,0,0,0,0,13263,655,0,4839,2198,0,8417,0,0,0,0,0,0,0,0,0,0,665,0,0,917,0,0,2503,0,0,1106,0,0,0,0,0,0,0,0,0,0,0,0,0,0,0,4212,0,0,0,0,2212,0,0,0,0,2217,0,0
0,679,0,1806,0,0,0,0,0,0,0,0,0,0,0,0,0,0,655,0,0,0,0,0,0,0,0,0,6656,4317,0,0,0,0,0,0,0,0,0,0,0,0,0,0,0,0,0,0,0,0,0,0,2548,0,0,0,6664,0,0,0,0,0,0,0,0,859,0,5284,0,0,0,0,0,0,0,3801,0,0,0,0,0,0,0,0,0,0,0,0,0,0,0,0,0,0,0,0,0,0,0
0,3764,0,0,8557,0,7585,0,0,0,0,0,1415,3414,0,0,839,0,2168,953,0,0,0,940,0,0,0,0,0,0,0,0,1583,0,3657,4075,0,0,2359,1806,0,0,0,0,0,683,0,0,5322,0,4192,0,0,0,0,3074,0,8300,3656,1458,0,4402,0,0,6922,1096,0,2432,1986,5915,645,0,3990,0,2873,0,0,0,0,0,3105,0,0,1381,0,0,0,0,0,0,1141,2352,0,2276,1434,0,0,0,0
0,0,0,0,2852,0,0,639,0,5837,3920,0,4992,0,4913,3694,0,0,0,0,0,0,0,0,0,5147,0,5809,0,0,0,4281,8972,723,0,0,0,0,0,2116,0,1143,0,0,0,0,0,0,5832,0,0,0,0,0,0,0,0,0,0,3788,0,0,0,0,0,0,0,1704,0,0,4256,0,0,0,0,0,5727,1557,0,0,5700,0,3235,8980,0,0,0,5545,0,0,5409,1115,0,0,0,0,0,0,0
0,2091,0,1602,2272,1222,0,6484,0,0,0,0,0,1319,0,9918,1915,0,1311,0,0,794,0,0,2427,0,0,5111,0,0,0,0,3570,0,0,0,2792,0,0,1217,0,0,0,0,0,0,0,0,5645,0,7312,0,0,0,648,0,0,13643,698,2089,0,1594,0,0,5757,4685,0,0,4164,4334,902,0,625,0,1310,2080,1927,0,0,0,1198,4428,4251,6659,0,0,4756,0,0,0,0,0,0,3285,3229,0,2224,0,771
0,0,2853,0,979,0,0,2432,0,0,0,0,0,929,0,5074,0,0,0,0,0,0,0,2691,0,0,1857,0,775,0,0,0,6320,1620,0,0,0,0,0,0,0,0,0,0,0,1099,0,0,2487,0,0,0,4379,0,0,0,0,7471,0,0,0,8077,0,0,1771,700,0,0,0,0,3090,0,2118,1557,0,0,1338,887,1059,0,0,0,0,5772,0,0,0,0,0,3940,0,1924,0,0,0,0,3193,0,0
0,789,0,0,2211,2612,0,0,0,0,3205,0,933,1843,3009,4883,4240,0,0,0,0,0,5168,0,0,0,0,0,0,0,0,799,6502,0,0,0,0,0,0,0,0,5724,0,0,0,0,0,4955,1117,0,0,0,0,0,0,3596,0,0,2974,0,9111,0,0,0,695,1756,0,0,0,0,3262,0,0,0,0,2008,3595,0,0,0,922,0,4760,1742,0,0,0,0,0,0,0,1528,0,0,0,0,2362,0,0
3771,0,3283,0,2825,1693,2550,4922,0,0,0,702,0,0,2483,0,4753,0,0,0,0,0,0,0,1891,683,0,0,0,3119,631,17044,0,1327,0,2148,3753,0,0,1094,1541,4523,1928,1529,2450,0,0,0,0,0,0,1173,3714,0,1438,0,0,0,0,0,1470,0,2466,2690,0,0,3000,0,6337,0,0,2541,0,0,0,0,2542,3170,988,4804,0,0,0,0,0,0,718,9594,0,0,3100,0,6753,0,0,2226,6747,2769,0
0,0,0,0,1032,0,0,1194,0,0,1273,0,1516,0,0,0,0,1742,0,0,0,0,5796,5338,0,0,0,0,0,0,0,1408,4039,2443,0,1650,0,0,852,0,0,0,0,0,0,0,0,0,713,2514,0,0,0,0,0,7952,0,0,1344,7761,0,4765,0,2723,1881,0,0,0,0,3085,0,0,1378,0,3302,3564,0,4046,0,0,0,3020,1754,2671,4220,0,7075,0,0,0,4075,0,0,0,1468,0,4903,0,0
0,0,2402,2393,0,0,0,2432,2835,0,0,0,0,0,0,0,0,2059,0,0,6653,0,0,0,814,0,0,0,0,0,0,3009,0,0,0,0,0,0,1837,0,0,7620,4598,0,0,0,0,695,727,0,0,656,0,0,0,0,0,0,0,0,0,1287,0,1155,0,1813,0,0,796,0,0,0,814,0,0,0,0,1025,2384,0,1451,1979,0,0,6823,0,0,0,0,0,4874,0,0,0,0,0,0,0,1225
0,749,0,1239,0,0,0,0,0,0,0,0,0,0,0,0,0,0,0,0,4322,0,0,0,0,0,3020,0,0,0,0,0,0,0,0,1226,0,0,0,0,0,0,0,0,4227,0,0,0,0,0,0,0,0,0,0,3251,0,0,2461,0,0,2103,0,0,0,0,0,0,0,0,0,0,0,0,0,0,0,0,0,0,0,0,2172,0,1808,0,0,0,0,0,0,0,0,7892,0,0,0,0,0
901,0,1932,0,0,0,0,0,756,0,0,1078,0,0,0,0,0,0,0,0,0,0,0,0,0,0,617,0,0,0,0,2952,0,3091,0,0,0,0,1282,1178,0,0,2613,0,0,1842,769,0,0,0,0,7059,0,9466,2087,0,0,0,0,2261,0,0,0,0,616,0,0,0,2916,1284,0,0,611,0,1627,0,0,2457,4247,0,1903,0,7862,0,0,0,4081,0,0,7941,9000,0,1848,0,0,2226,0,0,0
9025,0,0,0,0,2444,2500,0,9991,3325,1288,0,0,0,3527,0,1235,0,0,0,0,0,4128,0,0,735,16996,1255,3033,0,2960,0,1172,4270,0,4520,0,0,0,0,2197,837,3575,7990,0,0,3232,0,0,0,0,3711,1089,0,6182,0,0,0,0,0,0,0,0,0,0,0,862,0,9133,2228,1799,0,0,0,0,0,0,936,10142,0,1197,708,2104,0,0,0,0,2654,0,2463,2939,0,1914,0,0,951,1313,2225,0
0,0,0,1246,3466,831,2183,3037,0,13831,0,0,6112,0,2997,1829,0,0,0,1347,0,1573,8988,3617,6250,7621,0,4388,0,0,0,1159,0,0,0,689,0,1266,4685,7617,0,0,0,1033,0,604,0,0,5700,1116,0,0,0,0,0,4057,0,6161,0,4272,0,0,0,0,2180,0,0,4015,0,5139,2059,0,3346,0,0,0,0,965,0,0,2714,2249,3256,13201,0,0,0,0,0,0,0,0,0,0,0,0,0,0,0
0,0,4363,0,0,0,2617,0,2636,4072,5000,0,0,5020,0,0,0,1379,0,0,638,0,706,0,1527,0,1293,2454,0,0,3056,4255,0,0,0,0,0,0,0,0,0,1343,0,0,0,0,8255,0,0,0,0,1286,3093,917,7128,0,0,0,0,0,0,0,0,4107,0,0,1977,0,0,0,2257,0,0,0,1306,0,0,2331,2242,0,0,0,0,0,764,0,3592,0,0,1872,3200,0,2640,0,0,7076,0,0,0
0,7258,0,0,0,754,0,0,0,0,0,0,0,2089,0,0,1170,0,0,1829,0,4340,0,0,0,0,0,0,0,0,0,0,0,0,0,0,0,0,0,0,0,0,0,0,4077,0,0,0,0,0,7051,0,0,0,0,0,0,2554,3305,0,0,1948,0,0,3557,0,0,0,2964,0,0,0,2588,0,0,0,789,0,0,0,0,0,0,0,0,0,0,0,0,0,0,1042,0,0,831,0,0,0,0
1477,3212,0,662,637,2720,0,0,0,0,0,0,1724,2271,0,0,1746,0,0,1061,0,3627,0,0,0,0,2190,1638,0,1227,0,4634,789,0,0,0,0,0,0,0,0,1937,1538,3662,0,1311,0,0,0,0,1354,666,0,1281,2928,811,0,0,5072,3097,0,820,0,0,1503,0,807,0,5087,673,0,0,0,0,1120,0,0,0,0,0,0,0,0,0,0,0,0,0,2339,0,0,833,0,1329,991,3583,8129,5878,786
0,0,0,0,3266,1551,3837,0,5426,0,0,0,2471,0,0,0,0,0,0,0,0,0,0,2777,0,0,3625,0,0,0,0,0,0,0,0,0,0,0,0,2168,2199,7242,0,3352,0,0,0,0,4875,0,2366,1049,0,0,1613,1017,0,0,0,0,0,0,0,5151,0,0,0,0,0,1577,0,1357,0,1107,0,5953,2152,1365,6403,3181,0,0,3112,1755,1969,0,0,3175,0,714,4548,0,3723,1007,0,878,0,0,0
0,0,0,0,0,0,0,0,0,0,0,6151,1018,0,0,0,0,0,0,0,0,0,0,0,0,0,0,0,0,0,0,0,1271,0,0,0,0,0,0,0,0,0,0,0,0,0,4052,0,942,0,0,0,0,0,0,2257,21113,0,0,0,3630,976,0,0,0,0,1731,0,0,0,4336,1027,0,0,0,0,0,3845,0,1849,5120,1145,0,0,0,0,0,0,949,0,0,4175,2911,0,1018,0,0,0,2058
0,0,0,716,1490,0,5698,1155,0,0,0,0,3839,0,0,0,604,0,0,0,0,2442,0,0,0,0,0,1314,1837,0,1240,0,4867,0,1361,688,0,0,0,0,0,0,0,0,0,0,0,1960,1923,0,7289,0,0,0,0,3003,0,4824,0,1762,0,0,0,0,0,0,0,4269,0,1114,1219,0,3776,0,0,0,0,0,0,0,1486,672,2111,0,0,0,0,0,0,0,0,940,0,0,0,0,0,0,0
0,0,0,0,11208,3466,5237,1523,0,17789,0,0,0,0,0,3299,0,0,0,0,0,1897,2168,1215,0,0,1106,0,0,0,1457,0,7672,0,0,0,2173,0,0,0,0,1980,0,4900,0,3638,0,0,1965,0,0,0,0,2865,3029,0,0,0,0,0,0,0,0,0,670,0,7465,0,1194,10251,0,0,0,616,1041,0,0,5134,709,1686,0,0,0,5084,3607,0,0,0,0,5820,0,0,0,0,0,0,3705,2965,717
0,756,0,0,0,1900,6174,797,5867,0,0,2547,0,0,973,0,0,0,0,0,0,0,0,0,0,0,2048,0,0,0,0,1838,0,0,0,0,2242,0,0,0,0,3072,0,5561,0,0,0,0,0,0,0,0,4289,0,3098,0,0,0,0,0,0,0,0,0,0,0,0,0,889,0,0,0,0,0,0,0,0,0,699,0,0,0,3027,1187,11755,0,0,0,1802,0,0,0,5500,7077,0,0,0,0,0
695,0,1555,1563,0,0,0,4689,2239,0,3396,0,0,0,4978,0,0,0,0,0,0,0,1093,0,0,5705,4276,0,7816,0,0,826,0,1343,0,1925,7283,636,0,2010,2808,0,1476,8079,0,747,1829,6513,0,0,0,2035,0,2233,0,5774,0,0,0,0,1870,0,0,4037,623,0,1348,0,759,4217,0,2265,0,0,0,0,9302,677,8991,5866,0,0,0,0,0,0,0,0,0,0,6706,0,3277,0,0,0,0,0,0
6692,0,2531,2777,0,2107,0,0,0,0,0,0,0,0,1758,0,0,0,0,0,0,0,0,0,0,0,1966,0,4499,0,2614,3228,0,0,0,1303,0,0,0,0,0,1573,0,1159,0,0,0,0,0,0,0,0,0,0,8232,0,0,0,0,2485,0,0,0,1244,0,0,2336,0,0,1753,0,0,0,0,0,0,1869,3929,0,0,0,1295,1941,0,0,0,0,4004,0,0,2144,0,0,0,0,2055,3370,0,0
10433,0,0,0,2938,2367,6993,0,0,2255,1024,0,0,0,2940,0,2124,3221,0,0,0,0,0,0,0,0,1478,0,0,0,0,8031,1079,0,0,3647,3382,0,0,4837,5672,8072,1093,0,0,1326,2490,0,0,0,0,0,2581,0,1533,0,0,0,0,0,1806,0,0,2416,0,0,0,0,7150,0,0,0,0,3674,2485,0,2469,1908,4856,8030,2754,1479,1188,0,3156,0,0,0,0,0,0,0,1959,0,0,5955,5959,1932,3698
0,1471,0,946,0,2822,0,0,0,0,0,0,0,0,0,0,0,0,0,13367,0,0,0,0,0,0,2474,0,0,4203,0,0,0,0,4533,0,0,0,0,0,0,0,0,0,0,0,0,1769,0,2123,5505,0,0,0,0,0,0,0,972,0,0,1915,0,0,0,0,0,0,0,0,0,0,0,0,0,0,0,0,0,0,0,0,0,0,0,0,0,0,4005,0,0,0,0,0,0,0,0,0,1861
0,0,0,0,5060,0,0,0,0,4405,0,0,0,0,0,0,0,0,0,1058,0,624,0,0,1305,0,0,0,0,0,1438,0,814,0,0,1332,0,0,0,3426,0,631,0,1159,0,0,0,2350,0,0,0,0,0,0,755,0,1273,0,0,0,1825,0,4069,1767,0,0,1165,0,844,0,0,0,621,0,1129,0,0,868,0,0,0,0,0,1174,0,0,0,0,0,4733,0,0,0,0,0,0,4531,0,0
0,0,0,0,0,0,0,0,0,0,820,3597,0,9968,0,0,0,1271,0,0,0,0,0,0,0,0,0,0,0,0,894,3032,0,8237,0,0,0,4055,0,0,0,2143,0,2494,0,0,0,0,0,0,0,5907,634,0,4747,0,1341,0,0,0,0,0,0,0,0,0,0,0,0,0,0,6207,0,0,5379,0,0,631,0,1664,0,0,1419,0,1360,0,8252,0,0,3558,0,0,1689,0,0,0,0,0,1187
0,0,0,0,0,2608,0,1638,0,0,2568,0,2716,0,3959,0,0,0,0,4828,0,0,0,0,0,4970,0,0,677,0,0,0,0,0,0,0,0,0,2167,0,0,6569,0,0,1670,2412,0,0,1655,1843,4728,0,0,0,0,11221,0,2166,2490,0,4458,0,0,0,2522,1239,1169,2535,0,0,1320,0,2215,0,0,1339,1016,0,0,0,0,0,0,2512,0,0,3011,0,0,0,0,0,0,0,0,0,1247,0,0
0,0,0,0,4058,0,0,7932,0,0,0,2169,4958,1005,0,1991,0,0,3450,2103,0,5176,5815,5661,2477,836,0,707,0,0,0,0,5617,0,0,0,4856,895,1925,1948,0,0,0,0,0,0,0,1644,0,909,2644,0,0,0,0,0,0,0,0,0,0,0,0,0,1634,3628,0,0,0,8788,5109,0,1643,0,0,1608,5300,0,0,0,4104,5089,2387,10011,0,0,1129,0,0,1197,1574,7245,1125,981,0,0,3743,0,634
0,835,0,3525,0,2171,2013,3032,0,0,0,792,6910,0,0,0,0,0,0,0,0,0,0,0,0,0,0,2470,0,0,0,0,1116,0,0,0,0,0,0,0,0,0,0,0,2118,0,0,1838,913,0,0,0,0,0,0,3010,0,2448,1939,1549,0,1332,3249,0,3710,2852,0,0,0,1174,6920,0,0,4741,0,0,0,0,0,0,913,1487,0,0,0,0,0,0,0,0,0,0,0,0,0,0,0,0,2498
0,0,0,0,0,2895,3702,0,0,0,0,0,0,1739,0,0,1256,0,0,8922,0,3575,0,7337,0,0,0,0,0,0,0,0,0,0,7685,1233,2501,0,7823,0,0,0,0,0,5977,0,0,5005,2656,627,0,0,0,0,0,4867,0,4499,2496,0,0,4544,0,0,3595,0,0,0,1411,3055,0,0,4335,0,700,0,2573,0,0,0,1891,0,0,0,0,0,0,0,0,0,0,3254,0,1450,3248,0,0,0,969
0,0,0,0,0,698,0,2529,1768,0,1633,0,0,0,0,0,0,669,0,0,0,0,0,0,0,0,1271,0,889,0,7129,3707,0,1254,0,713,0,0,0,0,0,2103,0,0,0,0,5970,0,0,0,0,0,1044,3492,0,0,1592,0,0,2399,0,0,0,0,0,0,1476,0,0,0,0,1927,0,0,0,0,0,1426,2545,3328,0,0,0,0,0,0,861,0,0,1498,8362,0,4731,0,0,4917,0,0,0
0,0,1230,0,695,0,0,0,0,0,0,0,0,0,0,0,0,0,2609,0,2556,0,0,0,4375,0,3691,0,0,0,0,1065,0,3090,0,0,0,0,0,0,4332,0,0,2560,0,0,631,0,0,0,0,1096,0,1476,995,0,0,0,0,0,0,0,2399,2324,0,0,2734,0,0,0,956,0,0,0,924,2141,0,4495,2640,735,0,3168,0,0,5307,0,0,0,0,0,0,0,1835,0,0,0,0,0,0
1156,2869,0,886,0,0,0,0,0,5120,0,0,0,2886,0,605,0,0,0,0,0,0,0,0,0,0,0,0,0,0,9232,0,0,974,0,1148,0,0,0,2908,0,2232,0,0,0,0,0,0,0,0,0,3440,1294,0,3902,0,0,0,0,5224,0,0,0,1428,626,2800,5780,0,0,3482,0,0,0,0,1157,0,0,3369,0,763,0,3056,0,732,0,0,3202,0,0,11407,6841,0,2556,0,0,0,0,4679,0
965,0,0,1427,1253,2911,0,0,2221,0,0,0,0,5718,0,0,2925,0,0,0,0,0,0,637,0,0,1327,0,0,0,2072,6245,0,7161,0,2929,1463,0,0,2979,2115,0,7874,1797,0,679,4689,0,0,0,0,0,924,3869,0,0,0,0,0,0,0,0,0,7836,0,0,5905,0,0,0,0,0,0,0,2542,0,0,2808,3283,0,0,0,0,0,2095,0,0,726,0,4655,3550,0,3094,0,0,756,777,1639,0
0,0,0,0,0,0,0,0,0,0,0,0,7653,1568,0,0,0,0,0,698,0,3084,0,0,0,3352,0,7947,0,3563,0,0,3981,0,3061,839,1015,2312,3144,0,0,5925,0,0,985,0,0,10767,0,3438,5573,0,0,0,0,0,0,739,0,5430,4976,2808,0,0,889,0,0,886,0,4735,909,0,2465,0,904,0,0,3224,0,0,5638,0,0,0,0,0,0,0,0,0,0,724,0,1512,0,0,0,0,0
0,0,0,0,0,0,0,0,0,0,0,877,0,0,0,0,0,0,0,0,6655,0,0,0,0,0,0,0,0,0,0,0,0,0,0,0,0,21123,0,0,0,0,0,0,0,1378,967,0,0,0,0,1297,0,0,0,0,0,0,0,0,1726,0,0,0,0,0,0,0,0,0,0,0,0,0,689,0,0,0,0,0,0,0,0,1248,0,0,0,0,0,1231,0,0,0,0,7989,0,625,0,0
0,4645,0,0,0,0,3273,3921,0,0,0,0,0,2488,0,8627,1098,0,4825,0,0,8864,0,14368,7683,0,0,0,0,0,0,0,6238,0,2681,0,0,0,5048,0,0,0,0,0,0,0,0,2259,0,2581,4169,0,0,0,0,0,0,0,3662,0,0,7003,0,0,7469,9187,2515,0,4318,0,0,0,6975,0,916,0,0,0,0,0,8492,0,4738,6713,0,0,0,0,0,0,0,3605,0,0,1275,0,0,0,643
0,0,0,0,0,4443,0,0,0,0,0,0,2796,1165,0,4247,0,0,0,0,0,3553,0,683,0,2656,0,1751,0,2547,0,0,0,0,3271,5099,0,0,0,0,0,0,0,0,932,0,0,2500,0,1949,2406,0,0,0,0,0,0,3608,0,4135,0,1105,0,0,7620,0,0,0,0,0,0,0,1012,0,0,0,0,0,0,0,2421,0,798,2485,1639,0,4161,0,0,0,0,1645,0,0,3546,0,0,0,1207
0,0,0,0,0,0,0,0,0,0,0,0,5846,0,2830,0,0,0,0,0,0,1187,3788,2076,0,0,0,7963,0,0,2145,0,4330,0,0,2640,0,0,1552,0,0,0,3136,0,0,0,0,0,0,1517,0,2398,0,4542,0,4661,0,0,4136,0,0,0,1198,0,0,0,0,1015,0,0,1594,0,1957,0,0,0,0,2952,0,0,6159,0,1296,2880,0,0,5490,0,0,1611,1215,0,0,0,0,0,1148,787,0
7768,0,0,0,0,5398,0,0,0,0,1687,909,0,0,2763,671,3030,0,0,0,0,0,0,0,0,8638,1617,0,0,646,0,0,0,0,0,0,0,3659,0,0,0,1979,0,2012,0,1877,0,5064,0,0,0,0,0,0,0,5042,1727,0,0,0,0,0,0,0,0,0,0,0,0,0,0,0,0,0,0,795,0,0,0,0,0,0,0,1831,0,0,0,0,1930,856,0,0,0,0,0,0,4961,0,3557
0,1321,0,0,904,1404,3726,846,0,0,0,0,2547,0,0,8831,1154,0,0,838,0,3803,0,1733,8091,0,0,4822,1289,2015,0,0,0,0,2309,1145,0,1028,0,0,0,0,0,0,1951,0,0,0,0,1189,4356,0,0,0,0,2182,0,6746,1131,0,0,0,0,0,918,1063,0,948,853,1784,0,0,2456,0,5970,4799,0,873,0,0,4862,818,858,671,0,0,0,0,0,0,0,7950,0,0,0,0,0,1757,1358
0,0,0,0,0,0,0,0,0,963,0,0,0,0,0,0,2095,0,802,0,0,0,0,0,0,0,2453,0,0,0,0,0,0,0,0,0,0,0,0,0,0,0,0,0,0,4066,0,0,0,3384,0,0,2405,0,0,0,0,0,0,1184,0,0,0,0,0,0,3755,0,0,0,0,0,0,0,0,0,0,3262,0,0,0,0,0,0,0,0,0,0,661,0,0,0,3678,2646,0,0,0,826,0
0,0,3164,0,0,0,3930,1331,3427,0,833,0,0,3751,0,0,0,0,0,0,0,0,0,0,0,0,2465,2288,1274,0,0,0,0,4143,0,0,5417,0,0,0,0,4207,1256,2426,0,1766,0,0,0,0,0,0,2281,1444,7904,0,0,0,0,0,0,0,0,0,0,0,861,3129,1575,1519,0,0,0,0,3823,0,0,4305,0,3407,0,0,0,0,1953,0,0,4670,0,5228,5096,0,1900,0,1548,741,1193,0,0
0,6960,0,0,0,5349,0,1193,0,0,0,0,0,2669,0,7850,1394,0,0,927,0,6737,0,5802,1568,719,0,1885,0,0,679,0,2182,0,3638,1636,0,0,0,771,0,682,0,0,0,0,0,2461,1695,3747,3929,0,0,638,0,1074,0,7235,8291,0,0,771,0,0,0,6203,0,0,1821,0,0,0,7772,0,0,0,3169,0,0,0,2537,0,802,1197,0,0,0,0,0,0,0,0,0,0,2780,0,0,0,0
0,2598,0,0,2785,0,0,0,0,0,0,0,6322,12895,0,1299,1772,0,0,0,863,1088,0,4537,698,1804,0,0,1813,0,0,0,0,0,0,0,0,0,0,0,0,0,0,0,0,0,0,1229,3738,2831,0,0,0,2812,0,0,0,9043,0,0,0,1088,0,0,6118,0,0,0,2723,0,3208,0,1339,2693,0,0,0,0,0,0,0,8608,1437,0,0,0,1822,0,15917,0,0,0,0,0,4784,0,0,0,1648
0,890,0,1220,4981,2253,0,3834,1412,12000,833,1163,1928,0,0,1498,0,0,0,0,0,0,0,0,0,0,2974,0,0,0,0,764,0,2024,0,973,0,1725,0,7636,0,1345,2452,0,0,1149,0,1140,0,0,0,1226,2702,5765,5917,0,0,2352,0,0,0,0,3519,878,0,0,0,0,0,0,7297,0,0,1201,1875,0,608,8668,0,1992,3802,787,0,0,0,0,0,3017,0,7786,4542,0,13867,1319,0,0,4770,9864,1843
0,0,2517,2124,0,0,4688,0,0,5921,3936,0,3655,0,3516,0,0,845,0,2528,5333,2418,1763,0,0,0,0,0,0,0,0,0,3994,0,0,0,0,0,4261,0,0,0,0,0,0,0,0,2529,0,0,0,0,0,0,0,675,0,0,0,1014,0,890,0,3127,0,0,0,0,0,3115,1444,0,2360,0,0,0,1203,0,0,0,0,0,0,3905,0,0,0,0,0,0,0,0,0,0,0,0,3583,0,0
744,6031,836,0,0,0,0,0,5593,0,2289,0,0,0,0,0,1230,0,0,0,0,2054,0,3786,0,0,6322,0,807,0,2481,8545,637,0,3679,5030,0,0,0,1349,869,740,0,7090,0,955,0,0,0,0,1213,0,0,0,0,0,0,4289,0,0,0,853,0,1487,1666,2749,0,0,0,1845,0,0,0,0,0,0,0,827,3211,0,0,0,0,0,0,0,0,0,0,3781,1363,0,0,0,1690,4826,3893,0,0
0,0,0,2110,4232,0,0,5395,0,3400,0,0,2692,0,0,3760,977,0,0,0,0,5837,0,4419,0,0,0,3090,0,0,1268,2095,5103,0,0,684,1648,0,1099,10386,0,4210,1754,0,0,0,0,0,8838,1174,3053,0,0,3434,0,4701,0,0,0,0,0,1740,0,1590,0,0,0,3115,1814,0,0,0,622,1836,0,0,0,0,0,0,972,2556,0,0,0,0,0,0,0,4938,0,0,0,3177,0,0,0,0,0
0,0,0,5951,0,0,654,0,2003,4020,0,998,4229,1578,0,1415,0,0,0,1069,0,645,4228,919,3098,3439,0,0,0,0,0,1718,2033,2234,0,0,0,4356,1210,0,0,0,0,0,0,0,0,1441,4900,6878,0,0,959,0,0,840,0,0,0,1641,0,0,0,0,0,3403,7322,1415,0,0,0,0,0,0,1385,0,0,0,0,1539,9600,1545,1811,4924,0,0,1790,0,0,0,0,2155,3174,0,1771,0,1636,0,1414
0,0,0,0,0,0,0,0,0,0,0,2680,0,0,0,0,0,1730,0,0,0,0,0,0,0,0,2350,0,0,0,772,0,0,0,0,0,1282,1072,0,0,0,2329,0,0,0,0,6287,0,0,0,0,1760,0,797,0,0,0,0,0,0,0,0,0,0,0,0,0,0,0,0,0,0,0,0,1178,0,0,0,0,1606,0,0,0,0,0,0,0,1362,0,1919,992,0,2432,0,635,2409,0,0,0
0,3482,0,0,0,0,4008,0,0,0,2204,0,1888,7070,0,0,0,0,0,0,0,3924,0,0,1937,0,0,1613,0,0,0,0,3185,0,2682,0,0,0,3767,0,0,0,0,0,0,2222,0,2229,1636,0,4479,0,0,0,0,1656,0,7119,1010,2050,0,2701,0,0,7663,1246,0,2374,0,0,0,0,0,0,0,0,1669,0,0,0,0,0,0,0,0,0,0,0,0,0,0,3338,0,797,4777,0,0,0,3756
0,0,0,0,2209,0,0,0,0,2948,0,0,5150,0,0,1938,1079,0,0,0,0,0,0,0,1557,0,0,0,0,0,0,0,0,0,0,0,1101,0,0,656,0,0,0,2632,0,0,0,0,612,4719,0,0,0,0,0,0,0,0,0,0,0,0,0,0,0,2720,1286,0,0,1207,0,0,0,0,0,0,1007,0,0,749,0,0,1215,0,0,0,3630,0,814,905,0,0,0,0,0,0,0,925,3257
0,0,0,0,0,1186,1079,5087,759,0,3091,1202,0,7870,0,0,0,2706,0,0,0,2829,0,1328,0,0,0,3304,0,0,1622,0,0,1285,0,1125,0,0,0,990,0,0,0,2495,0,1243,5124,0,0,0,704,0,947,1283,2524,840,730,910,0,0,0,5983,0,3821,0,0,1885,0,0,0,1384,1893,0,0,0,5218,0,0,2374,7379,0,0,0,0,0,0,0,819,0,758,0,0,1884,0,843,0,1009,2158,5274
0,0,0,0,8198,0,1075,3178,0,0,0,0,0,0,0,0,3949,0,0,0,3832,0,0,2884,0,2133,0,3545,0,0,0,0,0,0,0,0,5983,0,0,0,0,0,0,0,0,0,0,1369,1607,0,0,0,2158,0,0,0,0,0,0,0,641,4258,0,0,0,0,0,0,0,0,0,0,0,0,5203,0,0,0,0,0,0,1444,0,0,0,0,0,0,0,0,0,0,0,0,2336,0,5020,0,0
0,0,1632,0,1413,0,0,0,0,1456,4562,962,1008,0,3949,0,0,0,0,0,0,0,5907,1736,1360,3838,2422,0,0,0,0,0,0,0,808,0,1855,0,0,0,0,9357,1824,2334,0,0,0,1010,5207,0,2670,0,0,0,0,0,0,0,0,0,0,0,0,0,3256,0,0,1038,0,0,0,0,1830,1150,0,0,0,2047,2789,2431,0,0,0,3912,0,0,965,1085,0,0,0,2764,1025,0,1814,0,0,0,0
0,0,5358,0,0,0,3201,0,1133,4467,0,0,0,0,0,738,0,0,0,0,0,0,1556,0,815,0,3171,4041,946,0,2474,870,953,2344,0,0,1387,3826,0,5160,0,788,3907,1860,0,861,643,0,0,0,0,1359,4567,2901,2835,3238,0,0,0,2779,0,875,3400,4319,0,0,8916,0,875,0,0,0,0,0,0,0,2090,0,1526,0,1797,898,0,0,4276,0,0,0,0,1471,0,2528,1030,0,0,0,2489,0,0
0,0,0,0,6934,0,615,0,14480,0,0,0,0,0,0,0,1023,0,0,0,0,0,0,0,1089,0,978,0,2365,0,4254,10281,0,2259,0,0,6390,0,0,747,700,8952,0,4860,0,0,630,0,0,0,0,2328,2642,0,3380,0,0,0,0,0,0,0,0,0,0,0,0,0,3211,0,0,0,0,0,2139,0,2796,1508,0,10161,0,2244,0,0,0,0,0,5845,0,0,0,0,6196,0,0,0,0,0,0
0,0,0,0,0,0,1077,0,3829,0,0,0,0,2706,1451,0,0,0,0,0,0,0,0,0,0,0,4934,0,0,0,0,0,0,0,0,0,3106,1763,0,1615,0,5839,0,7879,0,0,1530,0,0,0,0,3294,745,732,0,0,0,0,0,0,0,0,0,3519,0,0,2032,0,0,0,1475,3290,0,0,7055,0,2379,0,10300,0,0,0,0,0,2305,0,0,6152,1655,0,0,0,2074,0,0,2116,0,0,0
0,0,0,0,0,879,0,1068,0,0,0,0,3002,0,0,7238,3129,0,0,0,0,2756,5685,1171,0,1085,0,0,1451,0,1920,1159,2989,0,0,0,0,4528,1437,0,0,0,0,2762,0,0,0,0,3914,672,1866,0,0,0,0,5798,0,7780,2874,6175,0,6107,0,0,2276,0,3876,0,0,965,9858,0,728,0,0,0,0,1810,0,0,0,2351,3218,4205,0,0,0,0,0,0,845,1555,0,3660,1347,0,0,2306,0
1417,0,0,0,4855,0,0,0,0,0,0,0,2416,3162,2428,5421,0,0,0,0,0,0,0,4438,0,0,0,3057,1949,0,0,0,2353,0,0,0,0,1341,0,0,0,0,1216,1488,0,0,0,0,5092,1488,0,0,3151,3199,0,0,0,0,0,0,0,948,0,0,0,8627,0,0,0,2568,1554,0,0,0,0,2766,0,849,2278,0,2392,0,3701,0,1243,0,0,1068,0,0,0,0,0,4485,0,0,0,0,0
0,0,0,0,0,0,0,2034,0,2034,0,0,0,0,0,5478,0,0,0,0,605,0,3233,4291,0,5564,0,1777,0,1861,7707,2057,3135,0,0,0,3037,0,2109,0,2674,0,2379,1133,0,0,1348,0,2372,0,0,0,0,0,0,0,0,4543,0,1229,0,1450,0,0,725,1618,0,0,0,0,1751,0,0,900,0,0,0,0,0,0,3741,3721,0,1462,0,0,0,0,0,853,0,0,0,0,0,0,0,0,1248
1171,0,0,1698,8924,4141,0,3778,0,8575,0,0,5010,0,1576,2017,0,0,0,0,0,1447,10025,7388,5835,1779,0,2678,0,0,0,0,13221,0,0,0,1684,0,0,5138,1019,0,0,0,0,1397,0,2558,10002,0,0,0,0,0,0,0,1333,6690,2484,2757,1789,721,0,0,1271,648,0,3988,0,0,5361,0,0,0,0,0,4451,0,0,0,4408,0,1296,0,0,0,761,0,0,0,778,1942,0,0,0,0,6380,0,2204
1291,1128,0,0,0,9483,0,0,0,0,0,0,0,0,3399,0,0,0,0,0,0,0,0,0,0,0,0,4205,6783,1820,0,0,0,818,0,0,1974,0,0,3600,11769,0,0,3158,0,0,1391,0,0,0,0,0,5467,0,2459,0,0,0,1691,0,0,0,0,2122,0,0,0,0,0,0,0,0,0,0,0,0,0,4333,0,2287,0,1236,0,0,0,0,0,0,1311,0,0,0,0,0,0,0,0,1120,3766
0,0,0,0,0,0,0,0,0,0,0,0,0,0,0,0,0,0,0,0,0,0,0,0,0,0,0,0,0,0,0,0,0,0,0,0,0,0,0,0,0,0,0,0,0,0,0,0,0,0,0,0,0,0,0,0,0,0,0,0,0,0,0,0,0,0,0,0,0,0,0,0,0,0,0,0,0,0,0,0,0,0,0,0,0,0,0,0,0,0,0,0,0,0,0,0,0,0,0
0,0,0,0,0,0,0,0,0,0,0,0,0,4257,639,715,2459,0,0,4199,0,0,0,4272,0,0,0,7302,0,0,4081,0,0,3592,0,0,0,0,0,0,1185,0,0,0,0,0,8304,2963,1466,0,0,861,0,3257,0,0,0,0,4259,5503,0,0,0,0,0,1737,0,0,0,0,1776,0,0,2922,0,0,1038,0,0,0,0,0,0,745,0,0,0,0,0,5241,0,1446,0,0,0,0,0,1097,2114
3882,0,0,0,957,2431,0,0,0,0,0,0,0,0,3172,0,0,0,0,0,0,0,5895,0,0,0,9522,0,0,0,0,2624,0,0,0,0,3318,0,0,0,0,0,5058,0,0,0,0,0,0,0,0,0,0,0,1137,0,0,0,0,0,0,0,0,4571,0,0,2878,0,0,0,0,1331,0,653,0,0,1155,0,5857,6204,0,1869,0,616,0,0,0,0,0,0,0,0,0,0,0,5289,5607,0,0
694,0,0,0,0,2822,0,0,0,0,0,3707,3699,2084,0,0,0,0,0,0,0,0,0,0,0,0,0,0,0,0,0,0,0,0,0,2646,0,954,0,0,1634,0,0,0,4005,0,0,0,0,0,0,0,0,0,0,0,0,0,0,0,2137,0,0,0,0,15914,0,0,0,0,0,0,0,601,0,0,0,0,0,1578,0,0,0,0,1301,0,0,0,0,0,641,0,0,0,0,0,0,0,1180
0,0,1905,0,0,0,0,0,6656,3659,3413,0,0,0,0,2714,0,0,0,0,0,0,0,0,4433,0,0,0,0,0,8087,2462,0,2081,0,0,717,0,0,6007,0,0,0,0,0,4936,3472,0,1210,0,0,1488,0,11441,4644,0,1290,0,0,1720,827,0,0,5255,0,0,7683,0,4183,5171,0,1586,0,1282,722,0,0,1516,0,0,0,0,854,0,0,0,5303,0,0,0,8840,0,6726,0,0,1467,3997,0,0
0,0,0,0,0,0,1244,4639,2562,816,3135,0,0,0,0,762,0,1694,1734,0,0,1078,5409,0,0,0,3089,4070,4903,0,8804,2920,0,3218,0,0,4615,0,0,0,0,6603,2143,0,0,0,0,0,1621,0,0,8371,0,6757,3583,0,0,0,648,1193,0,0,0,5102,0,0,4521,0,1329,0,0,1020,0,0,0,0,0,601,0,0,845,0,0,782,0,0,0,0,693,8840,0,0,4683,0,0,1484,0,0,0
0,0,0,0,1193,0,2845,0,0,0,0,0,4844,1434,0,2639,1142,1499,0,2730,0,1777,1384,0,1928,1913,0,0,0,0,0,0,0,0,0,0,0,4416,987,0,0,0,0,0,0,0,0,0,7366,771,2779,0,0,0,0,0,0,3728,1809,0,0,8022,0,0,0,0,0,0,0,0,2224,0,3321,0,0,0,2799,2404,0,0,1961,0,0,1954,0,0,2208,0,0,0,0,0,0,0,4910,0,1719,2662,0
0,0,0,1193,4642,1102,0,10343,8406,1869,2538,0,0,0,0,0,4723,845,0,0,0,0,0,0,0,0,6707,0,0,0,1841,1908,0,2789,0,0,3768,2920,0,0,5517,3240,0,1841,0,0,1682,0,1130,0,0,4734,1821,2661,3206,0,0,0,0,0,0,0,3682,2034,0,0,13929,0,0,0,3183,2361,0,0,1913,0,1025,1030,6285,2088,0,0,0,0,0,0,0,0,0,6751,4738,0,0,0,0,0,0,3759,1778
0,0,0,1091,0,0,3823,0,0,0,0,0,0,1817,0,0,0,0,0,0,0,1748,0,3276,0,0,0,0,0,7883,0,0,0,0,0,1351,1000,0,0,0,7011,0,0,0,0,0,0,0,1114,0,1428,0,0,0,0,1179,0,0,0,0,0,0,2658,0,0,0,1262,0,0,2992,0,0,1646,0,0,0,0,0,0,0,3799,3894,0,0,0,0,0,0,0,0,0,0,0,0,0,0,0,934,0
0,1089,0,888,0,0,1338,675,0,0,744,0,0,3391,0,0,0,0,0,0,0,1542,0,2634,0,0,0,1180,0,0,0,0,0,0,838,1020,0,995,0,0,0,0,0,0,0,0,0,0,0,0,3485,0,0,0,0,0,7998,1216,2984,0,0,0,0,1548,2628,4503,0,0,1671,0,1677,630,4234,0,846,2360,1286,0,0,0,1354,0,0,0,0,0,0,0,0,0,0,5133,0,0,0,0,0,0,4573
6515,0,4910,0,0,0,0,0,0,0,3330,0,0,0,0,0,0,643,0,0,0,0,0,0,0,0,1757,0,0,0,2150,1017,0,7048,0,3482,868,0,0,0,0,0,2358,6143,0,0,0,0,0,0,0,5114,0,0,787,0,0,0,0,0,0,0,0,654,0,0,0,0,4861,0,0,2519,0,0,0,0,0,0,0,1624,0,0,0,0,0,0,0,5092,0,1565,1498,0,0,0,0,0,7237,1405,0
4181,0,0,677,5073,1574,1265,3166,0,4028,0,0,0,0,980,0,7030,955,0,2200,0,0,0,2182,3146,2403,6776,4194,0,0,0,1398,0,0,0,8351,0,0,0,3698,0,0,4680,5955,0,4534,0,1212,3758,0,0,0,0,0,807,0,657,0,0,1144,4966,0,0,1017,0,0,4502,3606,3890,0,1700,0,0,0,1045,5039,0,2458,0,0,0,842,0,6250,0,0,0,5974,0,4007,0,1693,0,0,0,7142,0,2942,0
3553,0,0,0,5509,3796,0,0,0,1754,1348,0,3565,0,0,625,1115,0,0,0,0,0,0,0,0,0,2747,0,0,0,0,2385,0,0,0,5785,0,0,0,2899,0,0,0,1904,0,0,0,0,0,0,0,0,0,4697,1652,0,0,0,0,0,0,1700,895,0,0,0,9742,0,0,0,0,0,0,0,1793,0,0,0,0,0,2421,0,0,656,1220,0,0,0,0,0,0,2636,3815,909,0,2027,2917,0,1228
10692,0,0,692,0,2968,0,0,1414,0,1760,0,716,0,1097,3124,832,0,0,0,0,0,0,783,0,0,0,0,1472,0,0,0,0,0,0,935,0,2080,0,787,0,0,0,3730,1887,0,1187,0,652,2517,954,0,0,0,0,0,0,0,1151,0,3690,1223,0,0,0,1655,1831,0,0,0,1631,811,4098,3238,5221,0,0,0,0,0,0,0,1229,2171,3994,0,2143,0,1240,0,0,0,1787,0,4756,0,0,1279,0
