2225549,1
2417161,2
2417246,3
2417272,4
2420330,5
2420450,6
2420476,7
2421774,8
2421788,9
2421797,10
2421804,11
2421828,12
2421834,13
2421861,14
2421869,15
2421874,16
2421875,17
2423347,18
2423349,19
2423352,20
2423363,21
2423372,22
2426209,23
2426226,24
2426244,25
2426245,26
2426248,27
2426250,28
2426253,29
2426267,30
2426271,31
2427443,32
2427540,33
2427555,34
2427559,35
2427564,36
2427567,37
2427576,38
2427580,39
2427590,40
2427594,41
2427595,42
2427612,43
2427703,44
2427725,45
2427849,46
2427898,47
2427958,48
2428035,49
2428071,50
2428072,51
2428289,52
2428292,53
2428331,54
2428364,55
2428377,56
2428385,57
2428503,58
2428672,59
2428692,60
2428706,61
2428724,62
2428742,63
2428744,64
2428745,65
2428747,66
2428764,67
2428782,68
2428788,69
2428789,70
2428793,71
2428861,72
2428865,73
2428876,74
2428879,75
2428880,76
2428885,77
2428889,78
2428905,79
2428906,80
2431953,81
2431975,82
2432013,83
2432025,84
2432033,85
2432118,86
2432127,87
2432129,88
2432144,89
2432652,90
2432656,91
2432660,92
2432668,93
2433111,94
2433128,95
2433145,96
2433148,97
2433150,98
2433164,99
